CHE
Vector3(290.958862,0,1894.13843)
Quaternion(0,-0.857825398,0,-0.513941228)

CHE_D
Vector3(286.570007,0,1880.59998)
Quaternion(0,-0.858318448,0,-0.513117373)

N_D
Vector3(-1052.55884,0,2607.03711)
Quaternion(0,-0.852855265,0,-0.522147357)

N
Vector3(-1058.91174,0,2594.56152)
Quaternion(0,-0.852851331,0,-0.522153914)

M_1
Vector3(-1021.12592,0,2575.1792)
Quaternion(0,-0.855328977,0,-0.518085361)

M_3
Vector3(-1014.69086,0,2587.61279)
Quaternion(0,-0.855328083,0,-0.518086731)

M_5
Vector3(-805.833069,0,2453.57495)
Quaternion(0,-0.857264817,0,-0.51487577)

M_7
Vector3(-796.408875,0,2472.34814)
Quaternion(0,-0.857249737,0,-0.514900982)

M_2
Vector3(182.4328,0,1952.37573)
Quaternion(0,-0.857586622,0,-0.514339566)

M_4
Vector3(175.831329,0,1940.02991)
Quaternion(0,-0.857586741,0,-0.514339328)

M_8
Vector3(131.204437,0,1955.91724)
Quaternion(0,-0.857590556,0,-0.51433301)

M_6
Vector3(127.040001,0,1989.45996)
Quaternion(0,-0.857076705,0,-0.515188873)

N_4
Vector3(93.747345,0,2007.56567)
Quaternion(0,-0.857075214,0,-0.515191317)

N_3
Vector3(81.0387726,0,1982.61084)
Quaternion(0,-0.857077301,0,-0.51518786)

CHE_4
Vector3(-717.859253,0,2438.4729)
Quaternion(0,-0.857268751,0,-0.514869213)

CHE_2
Vector3(-721.145569,0,2432.29248)
Quaternion(0,-0.857268631,0,-0.514869452)

CHE_1
Vector3(-727.71814,0,2419.93115)
Quaternion(0,-0.857267916,0,-0.514870703)

CHE_3
Vector3(-730.562988,0,2413.51587)
Quaternion(0,-0.857267618,0,-0.514871061)

N_1
Vector3(90.459816,0,2001.38562)
Quaternion(0,-0.857075214,0,-0.515191317)

N_2
Vector3(83.8848419,0,1989.02563)
Quaternion(0,-0.857074022,0,-0.515193403)